Date		Total			ISR			Total Exento
------------------------------------------------------------------------------------
15th June 2017	40,793.97		23,213.65		    0.00
16th June 2017	14,206.03		 5,740.89		    0.00

29th June 2017	34,750.56		19,670.87		    0.00

14th July 2017	13,637.28		 5,497.14		    0.00
31st July 2017	34,981.87		19,859.96		    0.00

16th Augu 2017	13,605.75		 5,497.14		    0.00
29th Augu 2017	15,889.40		 7,249.89		    0.00

17th Sept 2017	14,174.50		 5,740.89		    0.00
29th Sept 2017	15,243.42		 6,936.95		    0.00

13th Octo 2017	13,605.75		 5,497.14		    0.00
31st Octo 2017	16,057.26		 7,330.15		    0.00

15th Nove 2017	14,174.50		 5,740.89		    0.00
28th Nove 2017	17,298.72		 7,892.30		    0.00

14th Dece 2017	13,605.75		 5,497.14		    0.00
27th Dece 2017	16,280.48		 7,437.28		    0.00
XMAS Dece 2017	22,552.44		 9,190.55		2,264.70
-----------------------------------------------------------------------------------
		3,10,857.68		1,47,992.83		2,264.70